<<<<<<< HEAD
122,4
122,3
122,2
122,1
122,0
121,4
121,3
121,2
121,1
121,0
120,3
120,2
120,1
120,0
119,3
119,2
119,1
119,0
0,506
0,505
0,504
0,503
0,502
118,3
118,2
118,1
118,0
117,5
117,4
117,3
117,2
117,1
117,0
116,4
116,3
116,2
116,1
116,0
115,5
115,4
115,3
115,2
115,1
115,0
114,5
114,4
114,3
114,2
114,1
114,0
113,6
113,5
113,4
113,3
113,2
113,1
113,0
112,4
112,3
112,2
112,1
112,0
111,4
111,3
111,2
111,1
111,0
0,501
0,472
110,3
110,2
110,1
110,0
109,3
109,2
109,1
109,0
108,3
108,2
108,1
108,0
107,3
107,2
107,1
107,0
0,278
0,9
0,273
0,270
106,35
3,2
3,1
3,3
10,74
10,34
10,270
10,70
10,160
10,162
10,120
10,170
9,6
9,4
9,2
8,8
8,11
8,17
8,2
8,3
=======
105,35
10,299
10,29
10,267
10,103
10,91
10,125
10,177
10,2
10,3
11,24
9,5
9,7
9,3
8,7
8,13
8,4
8,10
8,9
8,15
>>>>>>> 573514c8a6be898778eed04abed33f94df7a3e32
95,5
95,4
95,3
95,2
95,1
95,0
93,4
93,3
93,2
93,1
93,0
90,5
90,4
90,3
90,2
90,1
90,0
89,4
89,3
89,2
89,1
89,0
88,5
88,4
88,3
<<<<<<< HEAD
=======
88,2
88,1
88,0
87,5
87,4
87,3
87,2
87,1
87,0
86,6
86,5
86,4
86,3
86,2
86,1
86,0
81,3
81,2
81,1
81,0
80,3
80,2
80,1
80,0
20,3
20,2
20,1
19,3
19,2
19,1
12,3
12,2
12,1
11,30
11,29
11,28
11,27
11,26
11,25
11,23
11,22
11,21
11,20
11,19
11,18
11,17
11,16
11,15
11,13
11,12
11,11
11,10
11,9
11,8
11,7
11,6
11,5
11,4
11,3
11,2
11,1
10,314
10,313
10,312
10,310
10,306
>>>>>>> 573514c8a6be898778eed04abed33f94df7a3e32
